N -> 5
Diagonal superior:
   1.09722    1.11111      1.125    1.13889    1.15278 

Diagonal principal:
  -2.05556   -2.05556   -2.05556   -2.05556   -2.05556 

Diagonal inferior:
  0.902778   0.888889      0.875   0.861111   0.847222 

Termos independentes:
  0.925638  0.0176921  0.0126361  0.0079231 0.00368872 


Gauss-Seidel utilizando vetores

Vetor das incógnitas:
 -0.965883  -0.669538  -0.432535  -0.247012  -0.105273 

Norma: 1.28078

Tempo: 0.014182

N -> 10
Diagonal superior:
   1.04959    1.05372    1.05785    1.06198    1.06612    1.07025    1.07438    1.07851    1.08264    1.08678 

Diagonal principal:
  -2.01653   -2.01653   -2.01653   -2.01653   -2.01653   -2.01653   -2.01653   -2.01653   -2.01653   -2.01653 

Diagonal inferior:
  0.950413   0.946281   0.942149   0.938017   0.933884   0.929752    0.92562   0.921488   0.917355   0.913223 

Termos independentes:
  0.957897 0.00666273 0.00582376 0.00498532 0.00416192 0.00336481 0.00260251 0.00188128 0.00120547 0.000577877 


Gauss-Seidel utilizando vetores

Vetor das incógnitas:
 -0.990646  -0.827827  -0.681835  -0.551719  -0.436487  -0.335116  -0.246566  -0.169794   -0.10377 -0.0474936 

Norma: 1.68566

Tempo: 0.029923

N -> 100
Diagonal superior:
     1.005    1.00505     1.0051    1.00515     1.0052    1.00524    1.00529    1.00534    1.00539    1.00544    1.00549    1.00554    1.00559    1.00564    1.00569    1.00573    1.00578    1.00583    1.00588    1.00593    1.00598    1.00603    1.00608    1.00613    1.00618    1.00622    1.00627    1.00632    1.00637    1.00642    1.00647    1.00652    1.00657    1.00662    1.00667    1.00672    1.00676    1.00681    1.00686    1.00691    1.00696    1.00701    1.00706    1.00711    1.00716    1.00721    1.00725     1.0073    1.00735     1.0074    1.00745     1.0075    1.00755     1.0076    1.00765     1.0077    1.00774    1.00779    1.00784    1.00789    1.00794    1.00799    1.00804    1.00809    1.00814    1.00819    1.00823    1.00828    1.00833    1.00838    1.00843    1.00848    1.00853    1.00858    1.00863    1.00868    1.00872    1.00877    1.00882    1.00887    1.00892    1.00897    1.00902    1.00907    1.00912    1.00917    1.00921    1.00926    1.00931    1.00936    1.00941    1.00946    1.00951    1.00956    1.00961    1.00966     1.0097    1.00975     1.0098    1.00985 

Diagonal principal:
   -2.0002    -2.0002    -2.0002    -2.0002    -2.0002    -2.0002    -2.0002    -2.0002    -2.0002    -2.0002    -2.0002    -2.0002    -2.0002    -2.0002    -2.0002    -2.0002    -2.0002    -2.0002    -2.0002    -2.0002    -2.0002    -2.0002    -2.0002    -2.0002    -2.0002    -2.0002    -2.0002    -2.0002    -2.0002    -2.0002    -2.0002    -2.0002    -2.0002    -2.0002    -2.0002    -2.0002    -2.0002    -2.0002    -2.0002    -2.0002    -2.0002    -2.0002    -2.0002    -2.0002    -2.0002    -2.0002    -2.0002    -2.0002    -2.0002    -2.0002    -2.0002    -2.0002    -2.0002    -2.0002    -2.0002    -2.0002    -2.0002    -2.0002    -2.0002    -2.0002    -2.0002    -2.0002    -2.0002    -2.0002    -2.0002    -2.0002    -2.0002    -2.0002    -2.0002    -2.0002    -2.0002    -2.0002    -2.0002    -2.0002    -2.0002    -2.0002    -2.0002    -2.0002    -2.0002    -2.0002    -2.0002    -2.0002    -2.0002    -2.0002    -2.0002    -2.0002    -2.0002    -2.0002    -2.0002    -2.0002    -2.0002    -2.0002    -2.0002    -2.0002    -2.0002    -2.0002    -2.0002    -2.0002    -2.0002    -2.0002 

Diagonal inferior:
     0.995   0.994951   0.994902   0.994853   0.994804   0.994755   0.994706   0.994657   0.994608   0.994559    0.99451   0.994461   0.994412   0.994363   0.994314   0.994265   0.994216   0.994167   0.994118   0.994069    0.99402   0.993971   0.993922   0.993873   0.993824   0.993775   0.993726   0.993677   0.993628   0.993579    0.99353   0.993481   0.993432   0.993383   0.993334   0.993285   0.993236   0.993187   0.993138   0.993089    0.99304   0.992991   0.992942   0.992893   0.992844   0.992795   0.992746   0.992697   0.992648   0.992599    0.99255   0.992501   0.992452   0.992403   0.992354   0.992305   0.992256   0.992207   0.992158   0.992109    0.99206   0.992011   0.991962   0.991913   0.991864   0.991815   0.991766   0.991716   0.991667   0.991618   0.991569    0.99152   0.991471   0.991422   0.991373   0.991324   0.991275   0.991226   0.991177   0.991128   0.991079    0.99103   0.990981   0.990932   0.990883   0.990834   0.990785   0.990736   0.990687   0.990638   0.990589    0.99054   0.990491   0.990442   0.990393   0.990344   0.990295   0.990246   0.990197   0.990148 

Termos independentes:
  0.995098 9.60698e-05 9.50767e-05 9.40753e-05 9.30662e-05 9.20497e-05 9.10262e-05 8.99962e-05 8.89602e-05 8.79183e-05 8.68712e-05 8.5819e-05 8.47623e-05 8.37013e-05 8.26365e-05 8.15681e-05 8.04964e-05 7.94219e-05 7.83449e-05 7.72656e-05 7.61843e-05 7.51014e-05 7.40171e-05 7.29317e-05 7.18456e-05 7.07589e-05 6.96719e-05 6.85849e-05 6.74982e-05 6.64119e-05 6.53263e-05 6.42417e-05 6.31582e-05 6.20762e-05 6.09957e-05 5.9917e-05 5.88404e-05 5.7766e-05 5.66939e-05 5.56244e-05 5.45577e-05 5.3494e-05 5.24333e-05 5.13759e-05 5.0322e-05 4.92716e-05 4.8225e-05 4.71823e-05 4.61436e-05 4.51091e-05 4.40789e-05 4.30531e-05 4.20319e-05 4.10154e-05 4.00037e-05 3.89969e-05 3.79951e-05 3.69984e-05 3.6007e-05 3.50209e-05 3.40403e-05 3.30651e-05 3.20956e-05 3.11318e-05 3.01737e-05 2.92215e-05 2.82752e-05 2.7335e-05 2.64008e-05 2.54728e-05 2.45509e-05 2.36354e-05 2.27261e-05 2.18233e-05 2.09269e-05 2.0037e-05 1.91536e-05 1.82768e-05 1.74066e-05 1.65431e-05 1.56863e-05 1.48362e-05 1.3993e-05 1.31565e-05 1.23268e-05 1.15041e-05 1.06882e-05 9.87926e-06 9.07725e-06 8.2822e-06 7.49412e-06 6.71304e-06 5.93897e-06 5.17193e-06 4.41191e-06 3.65895e-06 2.91303e-06 2.17417e-06 1.44238e-06 7.17656e-07 


Gauss-Seidel utilizando vetores

Vetor das incógnitas:
 -0.999901  -0.914927  -0.832396  -0.752975  -0.677236  -0.605641  -0.538545  -0.476189  -0.418712  -0.366152  -0.318463  -0.275518  -0.237133  -0.203068  -0.173051   -0.14678  -0.123942  -0.104216 -0.0872874 -0.0728481 -0.0606061 -0.0502876 -0.0416396 -0.0344314 -0.0284552 -0.0235256 -0.0194792 -0.0161732 -0.0134839 -0.0113052 -0.00954648 -0.00813146  -0.006996 -0.00608671 -0.00535941 -0.00477781 -0.00431225 -0.00393865 -0.00363762 -0.00339354 -0.00319401 -0.00302914 -0.00289115 -0.00277392 -0.00267267 -0.00258367 -0.00250406 -0.0024316 -0.00236462 -0.00230179 -0.00224215 -0.00218494 -0.00212961 -0.00207572 -0.00202298 -0.00197114 -0.00192004 -0.00186955 -0.00181957 -0.00177005 -0.00172093 -0.00167218 -0.00162378 -0.00157571 -0.00152797 -0.00148054 -0.00143342 -0.00138661 -0.00134011 -0.00129392 -0.00124805 -0.00120249 -0.00115724 -0.00111231 -0.0010677 -0.00102341 -0.000979446 -0.000935799 -0.000892471 -0.000849463 -0.00080677 -0.000764389 -0.000722312 -0.000680533 -0.00063904 -0.000597821 -0.000556863 -0.000516147 -0.000475656 -0.00043537 -0.000395266 -0.000355322 -0.000315516 -0.000275827 -0.000236234 -0.00019672 -0.00015727 -0.000117875 -7.85292e-05 -3.92347e-05 

Norma: 2.26401

Tempo: 0.231988

